<?xml version="1.0" encoding="utf-8"?>
<boundary_conditions SN_order="2">
	<keff>1.178187930434378</keff>
	<face id="0">
		<group id="0">
			<ANGxPOS>
				0.06708 0.06528 0.06134 0.05741 0.05025 0.04363 0.03590 0.02452 0.01324 0.00601 0.06330 0.06127 0.05757 0.05404 0.04756 0.04150 0.03431 0.02356 0.01279 0.00583 0.05874 0.05699 0.05380 0.05073 0.04494 0.03941 0.03274 0.02262 0.01234 0.00565 0.05094 0.04957 0.04708 0.04467 0.04003 0.03545 0.02975 0.02081 0.01149 0.00531 0.04408 0.04299 0.04102 0.03912 0.03543 0.03169 0.02688 0.01905 0.01065 0.00497 0.03385 0.03311 0.03175 0.03045 0.02792 0.02531 0.02184 0.01587 0.00910 0.00434 0.02557 0.02506 0.02413 0.02323 0.02151 0.01973 0.01731 0.01293 0.00764 0.00373 0.01743 0.01712 0.01654 0.01599 0.01493 0.01386 0.01239 0.00959 0.00592 0.00300 0.00898 0.00884 0.00858 0.00832 0.00784 0.00735 0.00670 0.00540 0.00354 0.00190 0.00330 0.00325 0.00317 0.00308 0.00292 0.00276 0.00255 0.00212 0.00146 0.00083;
				0.04234 0.04009 0.03776 0.03367 0.02962 0.02360 0.01815 0.01243 0.00652 0.00251 0.04009 0.03814 0.03606 0.03231 0.02853 0.02283 0.01761 0.01209 0.00637 0.00246 0.03776 0.03606 0.03424 0.03085 0.02737 0.02202 0.01705 0.01175 0.00620 0.00241 0.03367 0.03231 0.03085 0.02807 0.02513 0.02044 0.01596 0.01107 0.00589 0.00230 0.02962 0.02853 0.02737 0.02513 0.02272 0.01871 0.01477 0.01035 0.00556 0.00219 0.02360 0.02283 0.02202 0.02044 0.01871 0.01572 0.01265 0.00903 0.00495 0.00198 0.01815 0.01761 0.01705 0.01596 0.01477 0.01265 0.01039 0.00760 0.00428 0.00175 0.01243 0.01209 0.01175 0.01107 0.01035 0.00903 0.00760 0.00577 0.00339 0.00144 0.00652 0.00637 0.00620 0.00589 0.00556 0.00495 0.00428 0.00339 0.00212 0.00095 0.00251 0.00246 0.00241 0.00230 0.00219 0.00198 0.00175 0.00144 0.00095 0.00046;
				0.06708 0.06330 0.05874 0.05094 0.04408 0.03385 0.02557 0.01743 0.00898 0.00330 0.06528 0.06127 0.05699 0.04957 0.04299 0.03311 0.02506 0.01712 0.00884 0.00325 0.06134 0.05757 0.05380 0.04708 0.04102 0.03175 0.02413 0.01654 0.00858 0.00317 0.05741 0.05404 0.05073 0.04467 0.03912 0.03045 0.02323 0.01599 0.00832 0.00308 0.05025 0.04756 0.04494 0.04003 0.03543 0.02792 0.02151 0.01493 0.00784 0.00292 0.04363 0.04150 0.03941 0.03545 0.03169 0.02531 0.01973 0.01386 0.00735 0.00276 0.03590 0.03431 0.03274 0.02975 0.02688 0.02184 0.01731 0.01239 0.00670 0.00255 0.02452 0.02356 0.02262 0.02081 0.01905 0.01587 0.01293 0.00959 0.00540 0.00212 0.01324 0.01279 0.01234 0.01149 0.01065 0.00910 0.00764 0.00592 0.00354 0.00146 0.00601 0.00583 0.00565 0.00531 0.00497 0.00434 0.00373 0.00300 0.00190 0.00083;
				1.20563 1.14589 1.03022 0.92373 0.74854 0.60531 0.45856 0.27720 0.13001 0.05186 1.14589 1.10388 1.00386 0.90456 0.73505 0.59508 0.45125 0.27318 0.12835 0.05127 1.03022 1.00386 0.93291 0.85379 0.70335 0.57309 0.43628 0.26508 0.12499 0.05010 0.92373 0.90456 0.85379 0.79342 0.66587 0.54842 0.42039 0.25679 0.12160 0.04891 0.74854 0.73505 0.70335 0.66587 0.57800 0.48889 0.38319 0.23860 0.11449 0.04647 0.60531 0.59508 0.57309 0.54842 0.48889 0.42435 0.34149 0.21842 0.10688 0.04392 0.45856 0.45125 0.43628 0.42039 0.38319 0.34149 0.28393 0.18918 0.09581 0.04029 0.27720 0.27318 0.26508 0.25679 0.23860 0.21842 0.18918 0.13468 0.07315 0.03252 0.13001 0.12835 0.12499 0.12160 0.11449 0.10688 0.09581 0.07315 0.04350 0.02106 0.05186 0.05127 0.05010 0.04891 0.04647 0.04392 0.04029 0.03252 0.02106 0.01116;
			</ANGxPOS>
		</group>
		<group id="1">
			<ANGxPOS>
				0.45459 0.43618 0.39821 0.36023 0.29780 0.24271 0.18494 0.11524 0.05693 0.02336 0.42459 0.40493 0.36994 0.33601 0.27988 0.22953 0.17597 0.11044 0.05492 0.02265 0.38856 0.37166 0.34162 0.31212 0.26225 0.21654 0.16710 0.10566 0.05290 0.02193 0.33026 0.31695 0.29354 0.27046 0.23063 0.19290 0.15081 0.09682 0.04916 0.02060 0.27878 0.26831 0.24999 0.23201 0.20068 0.17012 0.13490 0.08809 0.04541 0.01925 0.20932 0.20208 0.18947 0.17715 0.15578 0.13440 0.10890 0.07326 0.03890 0.01686 0.15277 0.14791 0.13944 0.13116 0.11694 0.10253 0.08490 0.05903 0.03244 0.01446 0.09896 0.09614 0.09115 0.08628 0.07796 0.06952 0.05902 0.04282 0.02473 0.01148 0.04913 0.04789 0.04570 0.04354 0.03987 0.03613 0.03145 0.02398 0.01482 0.00732 0.01831 0.01790 0.01717 0.01645 0.01522 0.01396 0.01239 0.00982 0.00644 0.00338;
				0.32377 0.30179 0.27919 0.24232 0.20689 0.15971 0.11864 0.07765 0.03930 0.01509 0.30179 0.28272 0.26280 0.22949 0.19687 0.15278 0.11397 0.07490 0.03808 0.01468 0.27919 0.26280 0.24564 0.21603 0.18647 0.14561 0.10916 0.07210 0.03684 0.01426 0.24232 0.22949 0.21603 0.19217 0.16770 0.13260 0.10043 0.06699 0.03457 0.01349 0.20689 0.19687 0.18647 0.16770 0.14820 0.11889 0.09122 0.06165 0.03221 0.01269 0.15971 0.15278 0.14561 0.13260 0.11889 0.09742 0.07631 0.05273 0.02818 0.01131 0.11864 0.11397 0.10916 0.10043 0.09122 0.07631 0.06116 0.04344 0.02392 0.00983 0.07765 0.07490 0.07210 0.06699 0.06165 0.05273 0.04344 0.03210 0.01851 0.00789 0.03930 0.03808 0.03684 0.03457 0.03221 0.02818 0.02392 0.01851 0.01138 0.00514 0.01509 0.01468 0.01426 0.01349 0.01269 0.01131 0.00983 0.00789 0.00514 0.00246;
				0.45459 0.42459 0.38856 0.33026 0.27878 0.20932 0.15277 0.09896 0.04913 0.01831 0.43618 0.40493 0.37166 0.31695 0.26831 0.20208 0.14791 0.09614 0.04789 0.01790 0.39821 0.36994 0.34162 0.29354 0.24999 0.18947 0.13944 0.09115 0.04570 0.01717 0.36023 0.33601 0.31212 0.27046 0.23201 0.17715 0.13116 0.08628 0.04354 0.01645 0.29780 0.27988 0.26225 0.23063 0.20068 0.15578 0.11694 0.07796 0.03987 0.01522 0.24271 0.22953 0.21654 0.19290 0.17012 0.13440 0.10253 0.06952 0.03613 0.01396 0.18494 0.17597 0.16710 0.15081 0.13490 0.10890 0.08490 0.05902 0.03145 0.01239 0.11524 0.11044 0.10566 0.09682 0.08809 0.07326 0.05903 0.04282 0.02398 0.00982 0.05693 0.05492 0.05290 0.04916 0.04541 0.03890 0.03244 0.02473 0.01482 0.00644 0.02336 0.02265 0.02193 0.02060 0.01925 0.01686 0.01446 0.01148 0.00732 0.00338;
				1.30310 1.21041 1.03907 0.88887 0.67095 0.50776 0.35831 0.20194 0.09058 0.03469 1.21041 1.13851 0.99064 0.85339 0.64725 0.49108 0.34732 0.19630 0.08834 0.03393 1.03907 0.99064 0.88340 0.77513 0.59821 0.45818 0.32625 0.18565 0.08411 0.03250 0.88887 0.85339 0.77513 0.69229 0.54602 0.42396 0.30490 0.17504 0.07992 0.03108 0.67095 0.64725 0.59821 0.54602 0.44707 0.35762 0.26396 0.15533 0.07232 0.02852 0.50776 0.49108 0.45818 0.42396 0.35762 0.29426 0.22351 0.13563 0.06472 0.02597 0.35831 0.34732 0.32625 0.30490 0.26396 0.22351 0.17569 0.11129 0.05517 0.02275 0.20194 0.19630 0.18565 0.17504 0.15533 0.13563 0.11129 0.07536 0.04010 0.01747 0.09058 0.08834 0.08411 0.07992 0.07232 0.06472 0.05517 0.04010 0.02331 0.01099 0.03469 0.03393 0.03250 0.03108 0.02852 0.02597 0.02275 0.01747 0.01099 0.00559;
			</ANGxPOS>
		</group>
		<group id="2">
			<ANGxPOS>
				0.31111 0.29757 0.27080 0.24359 0.20065 0.16189 0.12170 0.07540 0.03727 0.01505 0.29266 0.27784 0.25237 0.22748 0.18837 0.15274 0.11542 0.07198 0.03581 0.01454 0.26960 0.25638 0.23372 0.21150 0.17626 0.14370 0.10921 0.06858 0.03435 0.01402 0.23139 0.22056 0.20216 0.18407 0.15512 0.12776 0.09817 0.06250 0.03173 0.01309 0.19635 0.18761 0.17280 0.15828 0.13490 0.11235 0.08738 0.05650 0.02911 0.01215 0.14859 0.14237 0.13189 0.12163 0.10515 0.08890 0.07046 0.04678 0.02478 0.01056 0.10848 0.10424 0.09711 0.09013 0.07893 0.06774 0.05476 0.03747 0.02050 0.00897 0.07001 0.06753 0.06332 0.05920 0.05258 0.04591 0.03801 0.02706 0.01551 0.00705 0.03484 0.03375 0.03188 0.03004 0.02708 0.02407 0.02046 0.01528 0.00933 0.00449 0.01306 0.01269 0.01206 0.01144 0.01044 0.00941 0.00816 0.00633 0.00409 0.00208;
				0.23468 0.21910 0.20302 0.17656 0.15092 0.11654 0.08633 0.05631 0.02855 0.01096 0.21910 0.20492 0.19040 0.16631 0.14271 0.11072 0.08236 0.05397 0.02750 0.01061 0.20302 0.19040 0.17753 0.15583 0.13436 0.10480 0.07833 0.05161 0.02645 0.01025 0.17656 0.16631 0.15583 0.13793 0.11993 0.09450 0.07130 0.04745 0.02458 0.00961 0.15092 0.14271 0.13436 0.11993 0.10531 0.08397 0.06408 0.04319 0.02267 0.00895 0.11654 0.11072 0.10480 0.09450 0.08397 0.06814 0.05294 0.03644 0.01956 0.00787 0.08633 0.08236 0.07833 0.07130 0.06408 0.05294 0.04198 0.02964 0.01638 0.00674 0.05631 0.05397 0.05161 0.04745 0.04319 0.03644 0.02964 0.02170 0.01252 0.00534 0.02855 0.02750 0.02645 0.02458 0.02267 0.01956 0.01638 0.01252 0.00767 0.00345 0.01096 0.01061 0.01025 0.00961 0.00895 0.00787 0.00674 0.00534 0.00345 0.00163;
				0.31111 0.29266 0.26960 0.23139 0.19635 0.14859 0.10848 0.07001 0.03484 0.01306 0.29757 0.27784 0.25638 0.22056 0.18761 0.14237 0.10424 0.06753 0.03375 0.01269 0.27080 0.25237 0.23372 0.20216 0.17280 0.13189 0.09711 0.06332 0.03188 0.01206 0.24359 0.22748 0.21150 0.18407 0.15828 0.12163 0.09013 0.05920 0.03004 0.01144 0.20065 0.18837 0.17626 0.15512 0.13490 0.10515 0.07893 0.05258 0.02708 0.01044 0.16189 0.15274 0.14370 0.12776 0.11235 0.08890 0.06774 0.04591 0.02407 0.00941 0.12170 0.11542 0.10921 0.09817 0.08738 0.07046 0.05476 0.03801 0.02046 0.00816 0.07540 0.07198 0.06858 0.06250 0.05650 0.04678 0.03747 0.02706 0.01528 0.00633 0.03727 0.03581 0.03435 0.03173 0.02911 0.02478 0.02050 0.01551 0.00933 0.00409 0.01505 0.01454 0.01402 0.01309 0.01215 0.01056 0.00897 0.00705 0.00449 0.00208;
				0.48533 0.46781 0.42630 0.38235 0.30948 0.24543 0.18016 0.10699 0.05047 0.01969 0.46781 0.44543 0.40534 0.36437 0.29593 0.23536 0.17328 0.10328 0.04892 0.01916 0.42630 0.40534 0.36847 0.33205 0.27141 0.21712 0.16083 0.09659 0.04612 0.01819 0.38235 0.36437 0.33205 0.30026 0.24720 0.19912 0.14856 0.09001 0.04336 0.01723 0.30948 0.29593 0.27141 0.24720 0.20647 0.16868 0.12781 0.07894 0.03873 0.01561 0.24543 0.23536 0.21712 0.19912 0.16868 0.13987 0.10784 0.06811 0.03416 0.01400 0.18016 0.17328 0.16083 0.14856 0.12781 0.10784 0.08499 0.05538 0.02867 0.01205 0.10699 0.10328 0.09659 0.09001 0.07894 0.06811 0.05538 0.03796 0.02082 0.00916 0.05047 0.04892 0.04612 0.04336 0.03873 0.03416 0.02867 0.02082 0.01229 0.00578 0.01969 0.01916 0.01819 0.01723 0.01561 0.01400 0.01205 0.00916 0.00578 0.00289;
			</ANGxPOS>
		</group>
		<group id="3">
			<ANGxPOS>
				0.14358 0.13771 0.12614 0.11414 0.09510 0.07739 0.05862 0.03673 0.01837 0.00746 0.13625 0.12957 0.11815 0.10691 0.08934 0.07297 0.05552 0.03499 0.01761 0.00719 0.12671 0.12055 0.11005 0.09977 0.08370 0.06863 0.05246 0.03328 0.01686 0.00692 0.11012 0.10491 0.09608 0.08743 0.07389 0.06105 0.04709 0.03024 0.01552 0.00643 0.09455 0.09025 0.08294 0.07579 0.06456 0.05378 0.04189 0.02727 0.01420 0.00595 0.07225 0.06912 0.06384 0.05868 0.05056 0.04265 0.03376 0.02250 0.01203 0.00515 0.05317 0.05101 0.04737 0.04380 0.03817 0.03262 0.02627 0.01799 0.00991 0.00435 0.03468 0.03340 0.03122 0.02908 0.02568 0.02229 0.01835 0.01302 0.00749 0.00341 0.01744 0.01686 0.01588 0.01491 0.01337 0.01182 0.00997 0.00740 0.00452 0.00217 0.00654 0.00635 0.00602 0.00569 0.00516 0.00463 0.00398 0.00307 0.00198 0.00100;
				0.10852 0.10187 0.09503 0.08337 0.07200 0.05604 0.04181 0.02756 0.01412 0.00543 0.10187 0.09555 0.08922 0.07848 0.06797 0.05312 0.03979 0.02635 0.01357 0.00525 0.09503 0.08922 0.08341 0.07359 0.06394 0.05019 0.03776 0.02514 0.01302 0.00506 0.08337 0.07848 0.07359 0.06527 0.05705 0.04515 0.03426 0.02302 0.01206 0.00472 0.07200 0.06797 0.06394 0.05705 0.05020 0.04010 0.03072 0.02089 0.01108 0.00438 0.05604 0.05312 0.05019 0.04515 0.04010 0.03252 0.02530 0.01753 0.00951 0.00383 0.04181 0.03979 0.03776 0.03426 0.03072 0.02530 0.02004 0.01421 0.00792 0.00326 0.02756 0.02635 0.02514 0.02302 0.02089 0.01753 0.01421 0.01042 0.00604 0.00257 0.01412 0.01357 0.01302 0.01206 0.01108 0.00951 0.00792 0.00604 0.00371 0.00166 0.00543 0.00525 0.00506 0.00472 0.00438 0.00383 0.00326 0.00257 0.00166 0.00078;
				0.14358 0.13625 0.12671 0.11012 0.09455 0.07225 0.05317 0.03468 0.01744 0.00654 0.13771 0.12957 0.12055 0.10491 0.09025 0.06912 0.05101 0.03340 0.01686 0.00635 0.12614 0.11815 0.11005 0.09608 0.08294 0.06384 0.04737 0.03122 0.01588 0.00602 0.11414 0.10691 0.09977 0.08743 0.07579 0.05868 0.04380 0.02908 0.01491 0.00569 0.09510 0.08934 0.08370 0.07389 0.06456 0.05056 0.03817 0.02568 0.01337 0.00516 0.07739 0.07297 0.06863 0.06105 0.05378 0.04265 0.03262 0.02229 0.01182 0.00463 0.05862 0.05552 0.05246 0.04709 0.04189 0.03376 0.02627 0.01835 0.00997 0.00398 0.03673 0.03499 0.03328 0.03024 0.02727 0.02250 0.01799 0.01302 0.00740 0.00307 0.01837 0.01761 0.01686 0.01552 0.01420 0.01203 0.00991 0.00749 0.00452 0.00198 0.00746 0.00719 0.00692 0.00643 0.00595 0.00515 0.00435 0.00341 0.00217 0.00100;
				0.18696 0.18527 0.17659 0.16411 0.13923 0.11394 0.08577 0.05222 0.02512 0.00988 0.18527 0.17894 0.16873 0.15660 0.13308 0.10916 0.08241 0.05035 0.02431 0.00960 0.17659 0.16873 0.15639 0.14407 0.12230 0.10062 0.07633 0.04698 0.02287 0.00909 0.16411 0.15660 0.14407 0.13203 0.11187 0.09229 0.07037 0.04365 0.02143 0.00859 0.13923 0.13308 0.12230 0.11187 0.09485 0.07865 0.06054 0.03814 0.01905 0.00774 0.11394 0.10916 0.10062 0.09229 0.07865 0.06571 0.05115 0.03280 0.01672 0.00691 0.08577 0.08241 0.07633 0.07037 0.06054 0.05115 0.04045 0.02660 0.01395 0.00590 0.05222 0.05035 0.04698 0.04365 0.03814 0.03280 0.02660 0.01826 0.01009 0.00446 0.02512 0.02431 0.02287 0.02143 0.01905 0.01672 0.01395 0.01009 0.00597 0.00280 0.00988 0.00960 0.00909 0.00859 0.00774 0.00691 0.00590 0.00446 0.00280 0.00140;
			</ANGxPOS>
		</group>
		<group id="4">
			<ANGxPOS>
				0.11285 0.10846 0.10004 0.09115 0.07705 0.06329 0.04837 0.03074 0.01560 0.00635 0.10812 0.10296 0.09436 0.08581 0.07258 0.05975 0.04581 0.02927 0.01494 0.00611 0.10163 0.09670 0.08851 0.08048 0.06817 0.05626 0.04329 0.02780 0.01428 0.00587 0.08983 0.08549 0.07831 0.07130 0.06059 0.05024 0.03892 0.02526 0.01312 0.00545 0.07817 0.07448 0.06835 0.06237 0.05324 0.04439 0.03465 0.02275 0.01197 0.00503 0.06086 0.05810 0.05352 0.04906 0.04223 0.03555 0.02810 0.01883 0.01014 0.00434 0.04536 0.04341 0.04018 0.03702 0.03217 0.02738 0.02196 0.01506 0.00835 0.00366 0.02986 0.02868 0.02671 0.02478 0.02179 0.01882 0.01540 0.01091 0.00629 0.00285 0.01520 0.01466 0.01376 0.01287 0.01148 0.01009 0.00845 0.00624 0.00381 0.00182 0.00579 0.00560 0.00529 0.00498 0.00450 0.00400 0.00342 0.00262 0.00168 0.00084;
				0.08957 0.08467 0.07956 0.07062 0.06163 0.04863 0.03665 0.02434 0.01260 0.00489 0.08467 0.07980 0.07492 0.06656 0.05819 0.04605 0.03483 0.02323 0.01209 0.00472 0.07956 0.07492 0.07031 0.06251 0.05474 0.04346 0.03299 0.02211 0.01157 0.00454 0.07062 0.06656 0.06251 0.05571 0.04894 0.03909 0.02987 0.02020 0.01068 0.00422 0.06163 0.05819 0.05474 0.04894 0.04316 0.03471 0.02673 0.01827 0.00977 0.00390 0.04863 0.04605 0.04346 0.03909 0.03471 0.02823 0.02203 0.01531 0.00836 0.00340 0.03665 0.03483 0.03299 0.02987 0.02673 0.02203 0.01745 0.01238 0.00694 0.00288 0.02434 0.02323 0.02211 0.02020 0.01827 0.01531 0.01238 0.00905 0.00527 0.00226 0.01260 0.01209 0.01157 0.01068 0.00977 0.00836 0.00694 0.00527 0.00323 0.00145 0.00489 0.00472 0.00454 0.00422 0.00390 0.00340 0.00288 0.00226 0.00145 0.00068;
				0.11285 0.10812 0.10163 0.08983 0.07817 0.06086 0.04536 0.02986 0.01520 0.00579 0.10846 0.10296 0.09670 0.08549 0.07448 0.05810 0.04341 0.02868 0.01466 0.00560 0.10004 0.09436 0.08851 0.07831 0.06835 0.05352 0.04018 0.02671 0.01376 0.00529 0.09115 0.08581 0.08048 0.07130 0.06237 0.04906 0.03702 0.02478 0.01287 0.00498 0.07705 0.07258 0.06817 0.06059 0.05324 0.04223 0.03217 0.02179 0.01148 0.00450 0.06329 0.05975 0.05626 0.05024 0.04439 0.03555 0.02738 0.01882 0.01009 0.00400 0.04837 0.04581 0.04329 0.03892 0.03465 0.02810 0.02196 0.01540 0.00845 0.00342 0.03074 0.02927 0.02780 0.02526 0.02275 0.01883 0.01506 0.01091 0.00624 0.00262 0.01560 0.01494 0.01428 0.01312 0.01197 0.01014 0.00835 0.00629 0.00381 0.00168 0.00635 0.00611 0.00587 0.00545 0.00503 0.00434 0.00366 0.00285 0.00182 0.00084;
				0.15125 0.14590 0.13537 0.12411 0.10518 0.08641 0.06559 0.04077 0.02009 0.00799 0.14590 0.13962 0.12916 0.11840 0.10041 0.08262 0.06285 0.03920 0.01939 0.00774 0.13537 0.12916 0.11885 0.10868 0.09217 0.07601 0.05806 0.03645 0.01817 0.00730 0.12411 0.11840 0.10868 0.09922 0.08414 0.06956 0.05337 0.03374 0.01696 0.00687 0.10518 0.10041 0.09217 0.08414 0.07147 0.05936 0.04590 0.02942 0.01503 0.00617 0.08641 0.08262 0.07601 0.06956 0.05936 0.04961 0.03874 0.02522 0.01313 0.00548 0.06559 0.06285 0.05806 0.05337 0.04590 0.03874 0.03066 0.02041 0.01091 0.00465 0.04077 0.03920 0.03645 0.03374 0.02942 0.02522 0.02041 0.01412 0.00791 0.00351 0.02009 0.01939 0.01817 0.01696 0.01503 0.01313 0.01091 0.00791 0.00471 0.00221 0.00799 0.00774 0.00730 0.00687 0.00617 0.00548 0.00465 0.00351 0.00221 0.00110;
			</ANGxPOS>
		</group>
		<group id="5">
			<ANGxPOS>
				0.32726 0.32293 0.31399 0.30137 0.27753 0.24555 0.20374 0.14863 0.09035 0.04197 0.32750 0.31958 0.30639 0.29120 0.26564 0.23385 0.19346 0.14094 0.08571 0.03986 0.32345 0.31349 0.29746 0.28039 0.25361 0.22222 0.18333 0.13340 0.08116 0.03779 0.30961 0.29818 0.27993 0.26133 0.23372 0.20341 0.16713 0.12141 0.07397 0.03452 0.28991 0.27800 0.25910 0.24020 0.21296 0.18435 0.15099 0.10961 0.06691 0.03132 0.25103 0.24002 0.22261 0.20534 0.18087 0.15592 0.12744 0.09264 0.05684 0.02676 0.20669 0.19736 0.18259 0.16800 0.14749 0.12694 0.10379 0.07574 0.04684 0.02222 0.15449 0.14748 0.13634 0.12535 0.10996 0.09473 0.07770 0.05716 0.03583 0.01722 0.09441 0.09019 0.08346 0.07681 0.06753 0.05839 0.04822 0.03596 0.02302 0.01129 0.04206 0.04022 0.03727 0.03436 0.03031 0.02632 0.02189 0.01654 0.01080 0.00540;
				0.30337 0.29778 0.29072 0.27451 0.25480 0.21938 0.18008 0.13428 0.08216 0.03678 0.29778 0.28943 0.28051 0.26301 0.24291 0.20844 0.17080 0.12729 0.07793 0.03493 0.29072 0.28051 0.27007 0.25147 0.23107 0.19760 0.16164 0.12040 0.07376 0.03310 0.27451 0.26301 0.25147 0.23219 0.21193 0.18037 0.14719 0.10959 0.06724 0.03024 0.25480 0.24291 0.23107 0.21193 0.19233 0.16302 0.13277 0.09887 0.06081 0.02743 0.21938 0.20844 0.19760 0.18037 0.16302 0.13781 0.11218 0.08370 0.05174 0.02346 0.18008 0.17080 0.16164 0.14719 0.13277 0.11218 0.09144 0.06851 0.04269 0.01950 0.13428 0.12729 0.12040 0.10959 0.09887 0.08370 0.06851 0.05177 0.03268 0.01512 0.08216 0.07793 0.07376 0.06724 0.06081 0.05174 0.04269 0.03268 0.02107 0.00993 0.03678 0.03493 0.03310 0.03024 0.02743 0.02346 0.01950 0.01512 0.00993 0.00477;
				0.32726 0.32750 0.32345 0.30961 0.28991 0.25103 0.20669 0.15449 0.09441 0.04206 0.32293 0.31958 0.31349 0.29818 0.27800 0.24002 0.19736 0.14748 0.09019 0.04022 0.31399 0.30639 0.29746 0.27993 0.25910 0.22261 0.18259 0.13634 0.08346 0.03727 0.30137 0.29120 0.28039 0.26133 0.24020 0.20534 0.16800 0.12535 0.07681 0.03436 0.27753 0.26564 0.25361 0.23372 0.21296 0.18087 0.14749 0.10996 0.06753 0.03031 0.24555 0.23385 0.22222 0.20341 0.18435 0.15592 0.12694 0.09473 0.05839 0.02632 0.20374 0.19346 0.18333 0.16713 0.15099 0.12744 0.10379 0.07770 0.04822 0.02189 0.14863 0.14094 0.13340 0.12141 0.10961 0.09264 0.07574 0.05716 0.03596 0.01654 0.09035 0.08571 0.08116 0.07397 0.06691 0.05684 0.04684 0.03583 0.02302 0.01080 0.04197 0.03986 0.03779 0.03452 0.03132 0.02676 0.02222 0.01722 0.01129 0.00540;
				0.29906 0.31032 0.32187 0.32246 0.30967 0.28027 0.23579 0.17306 0.10519 0.04883 0.31032 0.31190 0.31595 0.31297 0.29798 0.26863 0.22553 0.16538 0.10057 0.04675 0.32187 0.31595 0.30910 0.29954 0.27995 0.25018 0.20905 0.15298 0.09308 0.04334 0.32246 0.31297 0.29954 0.28523 0.26188 0.23191 0.19279 0.14076 0.08569 0.03997 0.30967 0.29798 0.27995 0.26188 0.23525 0.20569 0.16966 0.12345 0.07525 0.03520 0.28027 0.26863 0.25018 0.23191 0.20569 0.17840 0.14643 0.10641 0.06506 0.03056 0.23579 0.22553 0.20905 0.19279 0.16966 0.14643 0.11990 0.08725 0.05367 0.02539 0.17306 0.16538 0.15298 0.14076 0.12345 0.10641 0.08725 0.06396 0.03989 0.01912 0.10519 0.10057 0.09308 0.08569 0.07525 0.06506 0.05367 0.03989 0.02543 0.01244 0.04883 0.04675 0.04334 0.03997 0.03520 0.03056 0.02539 0.01912 0.01244 0.00622;
			</ANGxPOS>
		</group>
		<group id="6">
			<ANGxPOS>
				0.87279 0.88399 0.89260 0.88112 0.84083 0.76028 0.64395 0.48668 0.30676 0.14435 0.90036 0.89380 0.88137 0.85640 0.80606 0.72341 0.60990 0.45972 0.28964 0.13640 0.91473 0.89495 0.86583 0.82932 0.77023 0.68606 0.57565 0.43268 0.27249 0.12844 0.90454 0.87410 0.83063 0.78332 0.71567 0.63101 0.52590 0.39371 0.24784 0.11698 0.86932 0.83279 0.78129 0.72790 0.65587 0.57297 0.47451 0.35392 0.22279 0.10535 0.77790 0.74099 0.68918 0.63650 0.56737 0.49182 0.40510 0.30136 0.19001 0.09017 0.65662 0.62340 0.57687 0.52994 0.46918 0.40470 0.33230 0.24710 0.15641 0.07462 0.50251 0.47625 0.43943 0.40247 0.35496 0.30548 0.25071 0.18698 0.11932 0.05745 0.31737 0.30075 0.27742 0.25403 0.22404 0.19307 0.15902 0.11958 0.07742 0.03783 0.14617 0.13861 0.12801 0.11736 0.10372 0.08966 0.07422 0.05633 0.03702 0.01836;
				0.87120 0.87965 0.88053 0.85753 0.81589 0.72495 0.60940 0.46509 0.29364 0.13546 0.87965 0.87142 0.85987 0.82687 0.77958 0.68847 0.57664 0.43920 0.27724 0.12800 0.88053 0.85987 0.83742 0.79527 0.74266 0.65162 0.54364 0.41317 0.26076 0.12049 0.85753 0.82687 0.79527 0.74460 0.68722 0.59778 0.49605 0.37586 0.23719 0.10976 0.81589 0.77958 0.74266 0.68722 0.62758 0.54142 0.44692 0.33768 0.21316 0.09882 0.72495 0.68847 0.65162 0.59778 0.54142 0.46392 0.38129 0.28756 0.18187 0.08462 0.60940 0.57664 0.54364 0.49605 0.44692 0.38129 0.31264 0.23583 0.14976 0.07005 0.46509 0.43920 0.41317 0.37586 0.33768 0.28756 0.23583 0.17849 0.11428 0.05394 0.29364 0.27724 0.26076 0.23719 0.21316 0.18187 0.14976 0.11428 0.07423 0.03555 0.13546 0.12800 0.12049 0.10976 0.09882 0.08462 0.07005 0.05394 0.03555 0.01728;
				0.87279 0.90036 0.91473 0.90454 0.86932 0.77790 0.65662 0.50251 0.31737 0.14617 0.88399 0.89380 0.89495 0.87410 0.83279 0.74099 0.62340 0.47625 0.30075 0.13861 0.89260 0.88137 0.86583 0.83063 0.78129 0.68918 0.57687 0.43943 0.27742 0.12801 0.88112 0.85640 0.82932 0.78332 0.72790 0.63650 0.52994 0.40247 0.25403 0.11736 0.84083 0.80606 0.77023 0.71567 0.65587 0.56737 0.46918 0.35496 0.22404 0.10372 0.76028 0.72341 0.68606 0.63101 0.57297 0.49182 0.40470 0.30548 0.19307 0.08966 0.64395 0.60990 0.57565 0.52590 0.47451 0.40510 0.33230 0.25071 0.15902 0.07422 0.48668 0.45972 0.43268 0.39371 0.35392 0.30136 0.24710 0.18698 0.11958 0.05633 0.30676 0.28964 0.27249 0.24784 0.22279 0.19001 0.15641 0.11932 0.07742 0.03702 0.14435 0.13640 0.12844 0.11698 0.10535 0.09017 0.07462 0.05745 0.03783 0.01836;
				0.76669 0.83115 0.89080 0.90748 0.88839 0.81370 0.69461 0.52718 0.33257 0.15647 0.83115 0.85441 0.88321 0.88388 0.85365 0.77653 0.66017 0.49987 0.31525 0.14843 0.89080 0.88321 0.87442 0.85227 0.80536 0.72439 0.61165 0.46132 0.29076 0.13704 0.90748 0.88388 0.85227 0.81404 0.75442 0.67116 0.56276 0.42271 0.26626 0.12564 0.88839 0.85365 0.80536 0.75442 0.68431 0.60064 0.49909 0.37289 0.23474 0.11097 0.81370 0.77653 0.72439 0.67116 0.60064 0.52234 0.43123 0.32105 0.20230 0.09592 0.69461 0.66017 0.61165 0.56276 0.49909 0.43123 0.35446 0.26351 0.16658 0.07938 0.52718 0.49987 0.46132 0.42271 0.37289 0.32105 0.26351 0.19638 0.12514 0.06019 0.33257 0.31525 0.29076 0.26626 0.23474 0.20230 0.16658 0.12514 0.08091 0.03951 0.15647 0.14843 0.13704 0.12564 0.11097 0.09592 0.07938 0.06019 0.03951 0.01959;
			</ANGxPOS>
		</group>
	</face>
	<face id="1">
		<group id="0">
			<ANGxPOS>
				0.06708 0.06528 0.06134 0.05741 0.05025 0.04363 0.03590 0.02452 0.01324 0.00601 0.06330 0.06127 0.05757 0.05404 0.04756 0.04150 0.03431 0.02356 0.01279 0.00583 0.05874 0.05699 0.05380 0.05073 0.04494 0.03941 0.03274 0.02262 0.01234 0.00565 0.05094 0.04957 0.04708 0.04467 0.04003 0.03545 0.02975 0.02081 0.01149 0.00531 0.04408 0.04299 0.04102 0.03912 0.03543 0.03169 0.02688 0.01905 0.01065 0.00497 0.03385 0.03311 0.03175 0.03045 0.02792 0.02531 0.02184 0.01587 0.00910 0.00434 0.02557 0.02506 0.02413 0.02323 0.02151 0.01973 0.01731 0.01293 0.00764 0.00373 0.01743 0.01712 0.01654 0.01599 0.01493 0.01386 0.01239 0.00959 0.00592 0.00300 0.00898 0.00884 0.00858 0.00832 0.00784 0.00735 0.00670 0.00540 0.00354 0.00190 0.00330 0.00325 0.00317 0.00308 0.00292 0.00276 0.00255 0.00212 0.00146 0.00083;
				0.04234 0.04009 0.03776 0.03367 0.02962 0.02360 0.01815 0.01243 0.00652 0.00251 0.04009 0.03814 0.03606 0.03231 0.02853 0.02283 0.01761 0.01209 0.00637 0.00246 0.03776 0.03606 0.03424 0.03085 0.02737 0.02202 0.01705 0.01175 0.00620 0.00241 0.03367 0.03231 0.03085 0.02807 0.02513 0.02044 0.01596 0.01107 0.00589 0.00230 0.02962 0.02853 0.02737 0.02513 0.02272 0.01871 0.01477 0.01035 0.00556 0.00219 0.02360 0.02283 0.02202 0.02044 0.01871 0.01572 0.01265 0.00903 0.00495 0.00198 0.01815 0.01761 0.01705 0.01596 0.01477 0.01265 0.01039 0.00760 0.00428 0.00175 0.01243 0.01209 0.01175 0.01107 0.01035 0.00903 0.00760 0.00577 0.00339 0.00144 0.00652 0.00637 0.00620 0.00589 0.00556 0.00495 0.00428 0.00339 0.00212 0.00095 0.00251 0.00246 0.00241 0.00230 0.00219 0.00198 0.00175 0.00144 0.00095 0.00046;
				0.06708 0.06330 0.05874 0.05094 0.04408 0.03385 0.02557 0.01743 0.00898 0.00330 0.06528 0.06127 0.05699 0.04957 0.04299 0.03311 0.02506 0.01712 0.00884 0.00325 0.06134 0.05757 0.05380 0.04708 0.04102 0.03175 0.02413 0.01654 0.00858 0.00317 0.05741 0.05404 0.05073 0.04467 0.03912 0.03045 0.02323 0.01599 0.00832 0.00308 0.05025 0.04756 0.04494 0.04003 0.03543 0.02792 0.02151 0.01493 0.00784 0.00292 0.04363 0.04150 0.03941 0.03545 0.03169 0.02531 0.01973 0.01386 0.00735 0.00276 0.03590 0.03431 0.03274 0.02975 0.02688 0.02184 0.01731 0.01239 0.00670 0.00255 0.02452 0.02356 0.02262 0.02081 0.01905 0.01587 0.01293 0.00959 0.00540 0.00212 0.01324 0.01279 0.01234 0.01149 0.01065 0.00910 0.00764 0.00592 0.00354 0.00146 0.00601 0.00583 0.00565 0.00531 0.00497 0.00434 0.00373 0.00300 0.00190 0.00083;
				1.20563 1.14589 1.03022 0.92373 0.74854 0.60531 0.45856 0.27720 0.13001 0.05186 1.14589 1.10388 1.00386 0.90456 0.73505 0.59508 0.45125 0.27318 0.12835 0.05127 1.03022 1.00386 0.93291 0.85379 0.70335 0.57309 0.43628 0.26508 0.12499 0.05010 0.92373 0.90456 0.85379 0.79342 0.66587 0.54842 0.42039 0.25679 0.12160 0.04891 0.74854 0.73505 0.70335 0.66587 0.57800 0.48889 0.38319 0.23860 0.11449 0.04647 0.60531 0.59508 0.57309 0.54842 0.48889 0.42435 0.34149 0.21842 0.10688 0.04392 0.45856 0.45125 0.43628 0.42039 0.38319 0.34149 0.28393 0.18918 0.09581 0.04029 0.27720 0.27318 0.26508 0.25679 0.23860 0.21842 0.18918 0.13468 0.07315 0.03252 0.13001 0.12835 0.12499 0.12160 0.11449 0.10688 0.09581 0.07315 0.04350 0.02106 0.05186 0.05127 0.05010 0.04891 0.04647 0.04392 0.04029 0.03252 0.02106 0.01116;
			</ANGxPOS>
		</group>
		<group id="1">
			<ANGxPOS>
				0.45459 0.43618 0.39821 0.36023 0.29780 0.24271 0.18494 0.11524 0.05693 0.02336 0.42459 0.40493 0.36994 0.33601 0.27988 0.22953 0.17597 0.11044 0.05492 0.02265 0.38856 0.37166 0.34162 0.31212 0.26225 0.21654 0.16710 0.10566 0.05290 0.02193 0.33026 0.31695 0.29354 0.27046 0.23063 0.19290 0.15081 0.09682 0.04916 0.02060 0.27878 0.26831 0.24999 0.23201 0.20068 0.17012 0.13490 0.08809 0.04541 0.01925 0.20932 0.20208 0.18947 0.17715 0.15578 0.13440 0.10890 0.07326 0.03890 0.01686 0.15277 0.14791 0.13944 0.13116 0.11694 0.10253 0.08490 0.05903 0.03244 0.01446 0.09896 0.09614 0.09115 0.08628 0.07796 0.06952 0.05902 0.04282 0.02473 0.01148 0.04913 0.04789 0.04570 0.04354 0.03987 0.03613 0.03145 0.02398 0.01482 0.00732 0.01831 0.01790 0.01717 0.01645 0.01522 0.01396 0.01239 0.00982 0.00644 0.00338;
				0.32377 0.30179 0.27919 0.24232 0.20689 0.15971 0.11864 0.07765 0.03930 0.01509 0.30179 0.28272 0.26280 0.22949 0.19687 0.15278 0.11397 0.07490 0.03808 0.01468 0.27919 0.26280 0.24564 0.21603 0.18647 0.14561 0.10916 0.07210 0.03684 0.01426 0.24232 0.22949 0.21603 0.19217 0.16770 0.13260 0.10043 0.06699 0.03457 0.01349 0.20689 0.19687 0.18647 0.16770 0.14820 0.11889 0.09122 0.06165 0.03221 0.01269 0.15971 0.15278 0.14561 0.13260 0.11889 0.09742 0.07631 0.05273 0.02818 0.01131 0.11864 0.11397 0.10916 0.10043 0.09122 0.07631 0.06116 0.04344 0.02392 0.00983 0.07765 0.07490 0.07210 0.06699 0.06165 0.05273 0.04344 0.03210 0.01851 0.00789 0.03930 0.03808 0.03684 0.03457 0.03221 0.02818 0.02392 0.01851 0.01138 0.00514 0.01509 0.01468 0.01426 0.01349 0.01269 0.01131 0.00983 0.00789 0.00514 0.00246;
				0.45459 0.42459 0.38856 0.33026 0.27878 0.20932 0.15277 0.09896 0.04913 0.01831 0.43618 0.40493 0.37166 0.31695 0.26831 0.20208 0.14791 0.09614 0.04789 0.01790 0.39821 0.36994 0.34162 0.29354 0.24999 0.18947 0.13944 0.09115 0.04570 0.01717 0.36023 0.33601 0.31212 0.27046 0.23201 0.17715 0.13116 0.08628 0.04354 0.01645 0.29780 0.27988 0.26225 0.23063 0.20068 0.15578 0.11694 0.07796 0.03987 0.01522 0.24271 0.22953 0.21654 0.19290 0.17012 0.13440 0.10253 0.06952 0.03613 0.01396 0.18494 0.17597 0.16710 0.15081 0.13490 0.10890 0.08490 0.05902 0.03145 0.01239 0.11524 0.11044 0.10566 0.09682 0.08809 0.07326 0.05903 0.04282 0.02398 0.00982 0.05693 0.05492 0.05290 0.04916 0.04541 0.03890 0.03244 0.02473 0.01482 0.00644 0.02336 0.02265 0.02193 0.02060 0.01925 0.01686 0.01446 0.01148 0.00732 0.00338;
				1.30310 1.21041 1.03907 0.88887 0.67095 0.50776 0.35831 0.20194 0.09058 0.03469 1.21041 1.13851 0.99064 0.85339 0.64725 0.49108 0.34732 0.19630 0.08834 0.03393 1.03907 0.99064 0.88340 0.77513 0.59821 0.45818 0.32625 0.18565 0.08411 0.03250 0.88887 0.85339 0.77513 0.69229 0.54602 0.42396 0.30490 0.17504 0.07992 0.03108 0.67095 0.64725 0.59821 0.54602 0.44707 0.35762 0.26396 0.15533 0.07232 0.02852 0.50776 0.49108 0.45818 0.42396 0.35762 0.29426 0.22351 0.13563 0.06472 0.02597 0.35831 0.34732 0.32625 0.30490 0.26396 0.22351 0.17569 0.11129 0.05517 0.02275 0.20194 0.19630 0.18565 0.17504 0.15533 0.13563 0.11129 0.07536 0.04010 0.01747 0.09058 0.08834 0.08411 0.07992 0.07232 0.06472 0.05517 0.04010 0.02331 0.01099 0.03469 0.03393 0.03250 0.03108 0.02852 0.02597 0.02275 0.01747 0.01099 0.00559;
			</ANGxPOS>
		</group>
		<group id="2">
			<ANGxPOS>
				0.31111 0.29757 0.27080 0.24359 0.20065 0.16189 0.12170 0.07540 0.03727 0.01505 0.29266 0.27784 0.25237 0.22748 0.18837 0.15274 0.11542 0.07198 0.03581 0.01454 0.26960 0.25638 0.23372 0.21150 0.17626 0.14370 0.10921 0.06858 0.03435 0.01402 0.23139 0.22056 0.20216 0.18407 0.15512 0.12776 0.09817 0.06250 0.03173 0.01309 0.19635 0.18761 0.17280 0.15828 0.13490 0.11235 0.08738 0.05650 0.02911 0.01215 0.14859 0.14237 0.13189 0.12163 0.10515 0.08890 0.07046 0.04678 0.02478 0.01056 0.10848 0.10424 0.09711 0.09013 0.07893 0.06774 0.05476 0.03747 0.02050 0.00897 0.07001 0.06753 0.06332 0.05920 0.05258 0.04591 0.03801 0.02706 0.01551 0.00705 0.03484 0.03375 0.03188 0.03004 0.02708 0.02407 0.02046 0.01528 0.00933 0.00449 0.01306 0.01269 0.01206 0.01144 0.01044 0.00941 0.00816 0.00633 0.00409 0.00208;
				0.23468 0.21910 0.20302 0.17656 0.15092 0.11654 0.08633 0.05631 0.02855 0.01096 0.21910 0.20492 0.19040 0.16631 0.14271 0.11072 0.08236 0.05397 0.02750 0.01061 0.20302 0.19040 0.17753 0.15583 0.13436 0.10480 0.07833 0.05161 0.02645 0.01025 0.17656 0.16631 0.15583 0.13793 0.11993 0.09450 0.07130 0.04745 0.02458 0.00961 0.15092 0.14271 0.13436 0.11993 0.10531 0.08397 0.06408 0.04319 0.02267 0.00895 0.11654 0.11072 0.10480 0.09450 0.08397 0.06814 0.05294 0.03644 0.01956 0.00787 0.08633 0.08236 0.07833 0.07130 0.06408 0.05294 0.04198 0.02964 0.01638 0.00674 0.05631 0.05397 0.05161 0.04745 0.04319 0.03644 0.02964 0.02170 0.01252 0.00534 0.02855 0.02750 0.02645 0.02458 0.02267 0.01956 0.01638 0.01252 0.00767 0.00345 0.01096 0.01061 0.01025 0.00961 0.00895 0.00787 0.00674 0.00534 0.00345 0.00163;
				0.31111 0.29266 0.26960 0.23139 0.19635 0.14859 0.10848 0.07001 0.03484 0.01306 0.29757 0.27784 0.25638 0.22056 0.18761 0.14237 0.10424 0.06753 0.03375 0.01269 0.27080 0.25237 0.23372 0.20216 0.17280 0.13189 0.09711 0.06332 0.03188 0.01206 0.24359 0.22748 0.21150 0.18407 0.15828 0.12163 0.09013 0.05920 0.03004 0.01144 0.20065 0.18837 0.17626 0.15512 0.13490 0.10515 0.07893 0.05258 0.02708 0.01044 0.16189 0.15274 0.14370 0.12776 0.11235 0.08890 0.06774 0.04591 0.02407 0.00941 0.12170 0.11542 0.10921 0.09817 0.08738 0.07046 0.05476 0.03801 0.02046 0.00816 0.07540 0.07198 0.06858 0.06250 0.05650 0.04678 0.03747 0.02706 0.01528 0.00633 0.03727 0.03581 0.03435 0.03173 0.02911 0.02478 0.02050 0.01551 0.00933 0.00409 0.01505 0.01454 0.01402 0.01309 0.01215 0.01056 0.00897 0.00705 0.00449 0.00208;
				0.48533 0.46781 0.42630 0.38235 0.30948 0.24543 0.18016 0.10699 0.05047 0.01969 0.46781 0.44543 0.40534 0.36437 0.29593 0.23536 0.17328 0.10328 0.04892 0.01916 0.42630 0.40534 0.36847 0.33205 0.27141 0.21712 0.16083 0.09659 0.04612 0.01819 0.38235 0.36437 0.33205 0.30026 0.24720 0.19912 0.14856 0.09001 0.04336 0.01723 0.30948 0.29593 0.27141 0.24720 0.20647 0.16868 0.12781 0.07894 0.03873 0.01561 0.24543 0.23536 0.21712 0.19912 0.16868 0.13987 0.10784 0.06811 0.03416 0.01400 0.18016 0.17328 0.16083 0.14856 0.12781 0.10784 0.08499 0.05538 0.02867 0.01205 0.10699 0.10328 0.09659 0.09001 0.07894 0.06811 0.05538 0.03796 0.02082 0.00916 0.05047 0.04892 0.04612 0.04336 0.03873 0.03416 0.02867 0.02082 0.01229 0.00578 0.01969 0.01916 0.01819 0.01723 0.01561 0.01400 0.01205 0.00916 0.00578 0.00289;
			</ANGxPOS>
		</group>
		<group id="3">
			<ANGxPOS>
				0.14358 0.13771 0.12614 0.11414 0.09510 0.07739 0.05862 0.03673 0.01837 0.00746 0.13625 0.12957 0.11815 0.10691 0.08934 0.07297 0.05552 0.03499 0.01761 0.00719 0.12671 0.12055 0.11005 0.09977 0.08370 0.06863 0.05246 0.03328 0.01686 0.00692 0.11012 0.10491 0.09608 0.08743 0.07389 0.06105 0.04709 0.03024 0.01552 0.00643 0.09455 0.09025 0.08294 0.07579 0.06456 0.05378 0.04189 0.02727 0.01420 0.00595 0.07225 0.06912 0.06384 0.05868 0.05056 0.04265 0.03376 0.02250 0.01203 0.00515 0.05317 0.05101 0.04737 0.04380 0.03817 0.03262 0.02627 0.01799 0.00991 0.00435 0.03468 0.03340 0.03122 0.02908 0.02568 0.02229 0.01835 0.01302 0.00749 0.00341 0.01744 0.01686 0.01588 0.01491 0.01337 0.01182 0.00997 0.00740 0.00452 0.00217 0.00654 0.00635 0.00602 0.00569 0.00516 0.00463 0.00398 0.00307 0.00198 0.00100;
				0.10852 0.10187 0.09503 0.08337 0.07200 0.05604 0.04181 0.02756 0.01412 0.00543 0.10187 0.09555 0.08922 0.07848 0.06797 0.05312 0.03979 0.02635 0.01357 0.00525 0.09503 0.08922 0.08341 0.07359 0.06394 0.05019 0.03776 0.02514 0.01302 0.00506 0.08337 0.07848 0.07359 0.06527 0.05705 0.04515 0.03426 0.02302 0.01206 0.00472 0.07200 0.06797 0.06394 0.05705 0.05020 0.04010 0.03072 0.02089 0.01108 0.00438 0.05604 0.05312 0.05019 0.04515 0.04010 0.03252 0.02530 0.01753 0.00951 0.00383 0.04181 0.03979 0.03776 0.03426 0.03072 0.02530 0.02004 0.01421 0.00792 0.00326 0.02756 0.02635 0.02514 0.02302 0.02089 0.01753 0.01421 0.01042 0.00604 0.00257 0.01412 0.01357 0.01302 0.01206 0.01108 0.00951 0.00792 0.00604 0.00371 0.00166 0.00543 0.00525 0.00506 0.00472 0.00438 0.00383 0.00326 0.00257 0.00166 0.00078;
				0.14358 0.13625 0.12671 0.11012 0.09455 0.07225 0.05317 0.03468 0.01744 0.00654 0.13771 0.12957 0.12055 0.10491 0.09025 0.06912 0.05101 0.03340 0.01686 0.00635 0.12614 0.11815 0.11005 0.09608 0.08294 0.06384 0.04737 0.03122 0.01588 0.00602 0.11414 0.10691 0.09977 0.08743 0.07579 0.05868 0.04380 0.02908 0.01491 0.00569 0.09510 0.08934 0.08370 0.07389 0.06456 0.05056 0.03817 0.02568 0.01337 0.00516 0.07739 0.07297 0.06863 0.06105 0.05378 0.04265 0.03262 0.02229 0.01182 0.00463 0.05862 0.05552 0.05246 0.04709 0.04189 0.03376 0.02627 0.01835 0.00997 0.00398 0.03673 0.03499 0.03328 0.03024 0.02727 0.02250 0.01799 0.01302 0.00740 0.00307 0.01837 0.01761 0.01686 0.01552 0.01420 0.01203 0.00991 0.00749 0.00452 0.00198 0.00746 0.00719 0.00692 0.00643 0.00595 0.00515 0.00435 0.00341 0.00217 0.00100;
				0.18696 0.18527 0.17659 0.16411 0.13923 0.11394 0.08577 0.05222 0.02512 0.00988 0.18527 0.17894 0.16873 0.15660 0.13308 0.10916 0.08241 0.05035 0.02431 0.00960 0.17659 0.16873 0.15639 0.14407 0.12230 0.10062 0.07633 0.04698 0.02287 0.00909 0.16411 0.15660 0.14407 0.13203 0.11187 0.09229 0.07037 0.04365 0.02143 0.00859 0.13923 0.13308 0.12230 0.11187 0.09485 0.07865 0.06054 0.03814 0.01905 0.00774 0.11394 0.10916 0.10062 0.09229 0.07865 0.06571 0.05115 0.03280 0.01672 0.00691 0.08577 0.08241 0.07633 0.07037 0.06054 0.05115 0.04045 0.02660 0.01395 0.00590 0.05222 0.05035 0.04698 0.04365 0.03814 0.03280 0.02660 0.01826 0.01009 0.00446 0.02512 0.02431 0.02287 0.02143 0.01905 0.01672 0.01395 0.01009 0.00597 0.00280 0.00988 0.00960 0.00909 0.00859 0.00774 0.00691 0.00590 0.00446 0.00280 0.00140;
			</ANGxPOS>
		</group>
		<group id="4">
			<ANGxPOS>
				0.11285 0.10846 0.10004 0.09115 0.07705 0.06329 0.04837 0.03074 0.01560 0.00635 0.10812 0.10296 0.09436 0.08581 0.07258 0.05975 0.04581 0.02927 0.01494 0.00611 0.10163 0.09670 0.08851 0.08048 0.06817 0.05626 0.04329 0.02780 0.01428 0.00587 0.08983 0.08549 0.07831 0.07130 0.06059 0.05024 0.03892 0.02526 0.01312 0.00545 0.07817 0.07448 0.06835 0.06237 0.05324 0.04439 0.03465 0.02275 0.01197 0.00503 0.06086 0.05810 0.05352 0.04906 0.04223 0.03555 0.02810 0.01883 0.01014 0.00434 0.04536 0.04341 0.04018 0.03702 0.03217 0.02738 0.02196 0.01506 0.00835 0.00366 0.02986 0.02868 0.02671 0.02478 0.02179 0.01882 0.01540 0.01091 0.00629 0.00285 0.01520 0.01466 0.01376 0.01287 0.01148 0.01009 0.00845 0.00624 0.00381 0.00182 0.00579 0.00560 0.00529 0.00498 0.00450 0.00400 0.00342 0.00262 0.00168 0.00084;
				0.08957 0.08467 0.07956 0.07062 0.06163 0.04863 0.03665 0.02434 0.01260 0.00489 0.08467 0.07980 0.07492 0.06656 0.05819 0.04605 0.03483 0.02323 0.01209 0.00472 0.07956 0.07492 0.07031 0.06251 0.05474 0.04346 0.03299 0.02211 0.01157 0.00454 0.07062 0.06656 0.06251 0.05571 0.04894 0.03909 0.02987 0.02020 0.01068 0.00422 0.06163 0.05819 0.05474 0.04894 0.04316 0.03471 0.02673 0.01827 0.00977 0.00390 0.04863 0.04605 0.04346 0.03909 0.03471 0.02823 0.02203 0.01531 0.00836 0.00340 0.03665 0.03483 0.03299 0.02987 0.02673 0.02203 0.01745 0.01238 0.00694 0.00288 0.02434 0.02323 0.02211 0.02020 0.01827 0.01531 0.01238 0.00905 0.00527 0.00226 0.01260 0.01209 0.01157 0.01068 0.00977 0.00836 0.00694 0.00527 0.00323 0.00145 0.00489 0.00472 0.00454 0.00422 0.00390 0.00340 0.00288 0.00226 0.00145 0.00068;
				0.11285 0.10812 0.10163 0.08983 0.07817 0.06086 0.04536 0.02986 0.01520 0.00579 0.10846 0.10296 0.09670 0.08549 0.07448 0.05810 0.04341 0.02868 0.01466 0.00560 0.10004 0.09436 0.08851 0.07831 0.06835 0.05352 0.04018 0.02671 0.01376 0.00529 0.09115 0.08581 0.08048 0.07130 0.06237 0.04906 0.03702 0.02478 0.01287 0.00498 0.07705 0.07258 0.06817 0.06059 0.05324 0.04223 0.03217 0.02179 0.01148 0.00450 0.06329 0.05975 0.05626 0.05024 0.04439 0.03555 0.02738 0.01882 0.01009 0.00400 0.04837 0.04581 0.04329 0.03892 0.03465 0.02810 0.02196 0.01540 0.00845 0.00342 0.03074 0.02927 0.02780 0.02526 0.02275 0.01883 0.01506 0.01091 0.00624 0.00262 0.01560 0.01494 0.01428 0.01312 0.01197 0.01014 0.00835 0.00629 0.00381 0.00168 0.00635 0.00611 0.00587 0.00545 0.00503 0.00434 0.00366 0.00285 0.00182 0.00084;
				0.15125 0.14590 0.13537 0.12411 0.10518 0.08641 0.06559 0.04077 0.02009 0.00799 0.14590 0.13962 0.12916 0.11840 0.10041 0.08262 0.06285 0.03920 0.01939 0.00774 0.13537 0.12916 0.11885 0.10868 0.09217 0.07601 0.05806 0.03645 0.01817 0.00730 0.12411 0.11840 0.10868 0.09922 0.08414 0.06956 0.05337 0.03374 0.01696 0.00687 0.10518 0.10041 0.09217 0.08414 0.07147 0.05936 0.04590 0.02942 0.01503 0.00617 0.08641 0.08262 0.07601 0.06956 0.05936 0.04961 0.03874 0.02522 0.01313 0.00548 0.06559 0.06285 0.05806 0.05337 0.04590 0.03874 0.03066 0.02041 0.01091 0.00465 0.04077 0.03920 0.03645 0.03374 0.02942 0.02522 0.02041 0.01412 0.00791 0.00351 0.02009 0.01939 0.01817 0.01696 0.01503 0.01313 0.01091 0.00791 0.00471 0.00221 0.00799 0.00774 0.00730 0.00687 0.00617 0.00548 0.00465 0.00351 0.00221 0.00110;
			</ANGxPOS>
		</group>
		<group id="5">
			<ANGxPOS>
